4294967279,133
4294967278,276
4294967279,279
4294967279,226
4294967278,394
4294967279,572
200,4
200,3
200,2
200,1
4294967278,335
4294967294,1417
199,4
199,3
199,2
199,1
4294967278,285
4294967279,256
4294967278,262
4294967279,255
198,4
198,3
198,2
198,1
197,6
4294967279,252
197,5
197,4
197,3
197,2
197,1
196,5
196,4
196,3
196,2
196,1
4294967279,229
195,5
195,4
195,3
195,2
195,1
194,5
4294967278,213
194,4
194,3
194,2
194,1
4294967278,357
4294967294,180
4294967279,211
4294967278,207
4294967278,204
4294967278,322
4294967278,353
4294967279,292
4294967279,197
4294967278,195
4294967279,193
4294967279,540
4294967278,318
4294967279,312
4294967278,351
4294967278,317
4294967278,185
4294967279,306
4294967278,313
4294967279,305
4294967278,311
4294967279,303
4294967278,309
4294967278,310
4294967279,304
4294967279,178
4294967278,308
4294967279,300
4294967278,304
4294967279,298
4294967279,295
4294967279,530
4294967294,10
4294967279,155
4294967279,154
191,4
191,3
191,2
191,1
4294967279,147
190,4
190,3
190,2
190,1
4294967294,973
189,4
189,3
189,2
189,1
4294967278,136
4294967294,1418
4294967279,135
4294967278,135
4294967279,271
188,6
4294967278,287
4294967279,283
188,5
4294967278,274
4294967279,282
188,4
188,3
188,2
188,1
4294967279,276
187,5
187,4
187,3
187,2
187,1
4294967279,258
4294967278,264
4294967294,453
186,5
186,4
186,3
186,2
186,1
4294967279,516
4294967278,326
185,5
185,4
185,3
185,2
185,1
4294967279,249
4294967278,242
4294967279,336
4294967294,388
4294967278,218
4294967278,356
4294967279,318
4294967279,335
4294967278,393
4294967279,334
4294967278,332
4294967278,331
4294967278,330
4294967278,327
4294967278,344
4294967278,333
4294967279,521
4294967279,518
4294967279,520
4294967279,517
4294967278,192
182,4
182,3
182,2
182,1
4294967279,190
4294967279,333
4294967278,314
4294967279,183
181,5
181,4
181,3
181,2
181,1
179,6
4294967294,471
4294967278,302
4294967279,294
4294967279,293
179,5
4294967279,168
179,4
4294967278,166
179,3
179,2
179,1
4294967279,166
4294967279,165
4294967294,437
4294967278,162
4294967279,164
4294967279,163
178,5
4294967294,1413
4294967278,161
4294967279,161
178,4
4294967279,160
178,3
178,2
178,1
4294967279,152
4294967278,152
4294967279,151
177,5
177,4
4294967279,150
177,3
177,2
177,1
4294967278,150
4294967278,149
4294967294,1415
4294967294,179
4294967294,183
4294967294,168
4294967294,112
4294967294,450
4294967294,116
4294967294,408
4294967279,146
4294967278,148
176,5
4294967279,145
4294967278,145
4294967279,144
176,4
4294967278,144
176,3
176,2
176,1
4294967279,143
4294967279,287
4294967278,291
4294967278,139
4294967279,138
4294967278,138
4294967279,272
4294967278,277
4294967279,136
4294967279,284
4294967278,386
4294967278,385
4294967278,283
4294967278,269
4294967279,332
4294967279,257
4294967278,261
4294967278,259
4294967278,295
4294967279,574
4294967279,289
4294967279,571
4294967278,250
4294967278,249
4294967278,246
4294967279,245
4294967279,243
4294967279,241
173,5
4294967278,240
173,4
173,3
173,2
173,1
4294967278,233
4294967279,231
4294967279,331
4294967278,229
4294967278,226
4294967278,227
4294967279,222
4294967278,216
171,5
171,4
171,3
171,2
171,1
4294967278,210
4294967279,210
4294967278,209
4294967279,209
4294967279,208
169,6
169,5
4294967279,203
4294967278,202
4294967279,202
169,4
4294967278,201
169,3
169,2
169,1
4294967294,396
4294967294,399
4294967294,178
4294967294,403
4294967294,913
4294967294,406
4294967294,919
4294967294,448
4294967294,400
4294967294,404
168,5
4294967278,196
4294967279,196
168,4
4294967279,195
168,3
168,2
168,1
4294967278,194
4294967278,193
167,5
167,4
167,3
167,2
167,1
166,5
166,4
166,3
166,2
166,1
4294967278,178
4294967278,171
4294967279,330
4294967294,470
4294967294,1414
4294967294,83
4294967293,131
4294967293,130
4294967293,129
4294967293,128
4294967293,127
4294967293,126
4294967293,125
4294967293,124
4294967293,123
4294967293,122
4294967293,121
4294967293,120
4294967293,119
4294967293,118
4294967293,117
4294967293,116
4294967293,115
4294967293,114
4294967293,113
4294967293,112
4294967293,111
4294967293,110
4294967293,109
4294967293,108
4294967293,107
4294967293,106
4294967293,105
4294967293,104
4294967293,103
4294967293,102
4294967293,101
4294967293,100
4294967293,99
4294967293,98
4294967293,97
4294967293,96
4294967293,95
4294967293,94
4294967293,93
4294967293,92
4294967293,91
4294967293,90
4294967293,89
4294967293,87
4294967293,86
4294967293,85
4294967293,84
4294967293,83
4294967293,82
4294967293,81
4294967293,80
4294967293,79
4294967293,78
4294967293,77
4294967293,76
4294967293,75
4294967293,74
4294967293,73
4294967293,72
4294967293,71
4294967293,70
4294967293,69
4294967293,68
4294967293,67
4294967293,66
4294967293,65
4294967293,64
4294967293,63
4294967293,62
4294967293,61
4294967293,60
4294967293,59
4294967293,58
4294967293,57
4294967293,56
4294967293,55
4294967293,54
4294967293,53
4294967293,52
4294967293,51
4294967293,50
4294967293,49
4294967293,48
4294967293,47
4294967293,46
4294967293,45
4294967293,44
4294967293,43
4294967293,42
4294967293,41
4294967293,40
4294967293,39
4294967293,38
4294967293,37
4294967293,36
4294967293,35
4294967293,34
4294967293,33
4294967293,32
4294967293,31
4294967293,30
4294967293,29
4294967293,28
4294967293,27
4294967293,26
4294967293,25
4294967293,24
4294967293,23
4294967293,22
4294967293,21
4294967293,20
4294967293,19
4294967293,18
4294967293,17
4294967293,16
4294967293,15
4294967293,14
4294967293,13
4294967293,12
4294967293,11
4294967293,10
4294967293,9
4294967293,8
4294967293,7
4294967293,6
4294967293,5
4294967293,4
4294967293,3
4294967278,88
4294967278,174
4294967279,48
4294967279,47
4294967279,46
4294967279,45
4294967279,44
4294967279,43
4294967279,42
4294967279,41
4294967279,40
4294967279,39
4294967279,38
4294967279,37
4294967279,36
4294967279,35
4294967279,34
4294967279,33
4294967279,32
4294967279,31
4294967279,30
4294967279,29
4294967279,28
4294967279,27
4294967279,26
4294967279,24
4294967279,23
4294967279,25
163,4
163,3
163,2
163,1
162,5
162,4
162,3
162,2
162,1
4294967279,280
160,6
4294967294,395
4294967294,409
4294967294,413
4294967294,948
4294967294,420
4294967294,407
4294967294,384
4294967294,451
4294967294,118
4294967294,466
4294967294,449
4294967294,460
160,5
160,4
160,3
160,2
160,1
159,5
159,4
159,3
159,2
159,1
4294967279,239
4294967278,238
4294967279,237
4294967278,237
4294967279,233
4294967279,236
158,5
4294967278,236
158,4
4294967279,235
158,3
158,2
158,1
4294967278,234
4294967278,232
4294967279,227
4294967279,230
157,5
4294967278,224
157,4
4294967278,222
157,3
157,2
157,1
4294967279,221
4294967279,219
4294967278,214
4294967279,217
4294967278,215
4294967279,215
4294967279,213
4294967279,212
4294967278,211
4294967278,208
4294967279,329
4294967279,201
4294967278,200
4294967279,200
4294967278,199
4294967279,199
4294967278,198
4294967278,197
4294967279,194
4294967279,311
4294967279,328
4294967278,382
4294967279,310
4294967279,185
4294967278,184
4294967279,184
4294967278,183
4294967278,182
